          0
          0
          0
          0
          0
          0
          0
          0
          0
          0
          0
       2956
          0
     -12358
          0
      24967
          0
     -32768
          0
      30525
          0
     -19613
          0
       5890
          0
       4820
          0
      -9700
          0
       9177
          0
      -5513
          0
       1204
          0
       2009
          0
      -3421
          0
       3184
          0
      -1947
          0
        468
          0
        665
          0
      -1183
          0
       1114
