          0
          0
          0
          0
          0
          0
          0
          0
          0
          0
          0
       2956
       2956
      -9402
      -9402
      15565
      15565
     -17203
     -17203
      13322
      13322
      -6291
      -6291
       -401
       -401
       4419
       4419
      -5281
      -5281
       3896
       3896
      -1617
      -1617
       -413
       -413
       1596
       1596
      -1825
      -1825
       1359
       1359
       -588
       -588
       -120
       -120
        545
        545
       -638
       -638
        476
